7. PROOULUS 103

6 patrono 161 6 patroni fflio 161 6 nopolo capilio 6661166116
(D. 37, 14, 10,17), libertus testator (D. 35, 1, 43 pn).
Rcfarunlur Proculi 6611611166 inprimis lam libris ad
Sabinum (ao. Pomponii l. III D. 30, 12, 13 V D. 7, 1,19pr.
30, 26, 2, 1111 1136114, 12 n. 16, 6, 6. 13, 2, 3.
21, 2, 16, 2, 21 n. 41, 1, 2161, 211 n. 24, 1, 31, 7,
11 n. 24, 3, 10, 1. 46, 1, 21, 1111 n. 12, 4, 16, 21111
1141, 3, 31,,1, 221111 n. 3, 3, 24. 41, 1, 23, Pauli 1. 11
1146, 1, 6, 111 11311611, 1111311311. 11, 2,
36, 1, 111 D. 24, 3, 111161. 26,2,1. 26, 2, 3, 4,
VIII(.) 161111, Ulpiani l. III Ι). 28, 2, 6, 1; V D. 28,
5, 9, 3; XVII D. 7, 8, 2, 1. 4pr. 7,8, 10, 2. 7, 8, 12, 13
11111 n. 7, 6, 3, 2211 n. 33, 3, 3, 2, 21211 D. 26, 2,
10, 3), Pomponii ad Q. Mucium (LXV D.46,1,112,1,
XXI D. 3, 5, 10), Gai 611 logos XII tabularum (D. 22, 1,
19111), 611 legem Iuliam 61 Papiam (66. Gai D. 35,1, 69,
corenla clementis n. 37, 14,10, 1611 1. 111 n. 4, 6, 36, 3,
1 D. 31, 43, 3, Ulpiani 11 n. 1, 6, 1, 1, 21 o. 31, 14,
17), Pauli 611 l. Falcidiam (D. 35, 2, 1, 14), quam ad
6111616111 provinciale Gai (D. 2, 1, 11 pr. ἕ 2) 161 praetorio
1111 (1111 112, 14, 21, 2, 12 113611, 22 o. 6, 3,
36,,Ι 6, 3, 4311, 221 D. 6, 1, 21, 1. 6, 222 D. 14, 3,
11, 4, 121111.11,1,22,1. 17, 2, 6661. §6 17, 2,
6711, 11211 o. 18,1,1,1. 13, 6, apr, 21 11361,
26, 1, 2112 11331112, 111 D. 41, 2, 3, 3. 41, 3,
4,1o. 41, 7, 2, 1111 D. 42, 6, 7) 61 Ulpiani (1. 2 1). 3,
6,3, 1, 21111. 4, 3,21, 3. 4, 3, 23, 1, 21613116,
2111 D. 3, 3, 6, 1, 21111 o. 6, 2, 1, 3. 3. 3, 2, 11,, 1 6.
3, 2, 27, 1. 6011. 12, 7, 3-13, n. 3, 2, 23, 1-3, 2211
111. fr. 266, 2211 n. 14, 6, 4, 6. 16, 1, 11. 16, 1, 3661,
21211 n. 13, 2, 16, 3, 1111 n. 47, 10, 11, 4. 6, 1211
11411613, 1212 D. 43, 16, 1, 26, 12212 o. 7, 3,
Vpr.; LXXXI D. 39, 2, 26), practerea Celsi libris Digesto-
611(111116161332,12(1)1.32,13,1,211.16,
3, 32, 211 D. 28, 5, 63, 1, 1111 113113, 212
D. 31, 20. 34, 2, 3), dc vorborum obligationibus Gai
(D. 45, 3, 28, 4) 161 Slipulationum Vonulci (1111141,

 

